83,2
83,1
83,3
74,4
74,1
74,3
0,273
0,270
25,1
25,3
10,81
10,29
10,255
10,155
10,21
10,189
10,311
11,17
11,7
11,29
11,9
11,25
9,5
8,9
8,18
8,12
21,3
21,2
21,1
21,0
20,3
20,2
20,1
19,3
19,2
19,1
12,3
12,2
12,1
11,28
11,26
11,24
11,22
11,20
11,8
11,3
11,2
11,1
10,312
10,310
10,296
10,278
10,236
10,176
10,158
10,94
10,3
10,2
10,1
9,7
9,6
9,4
9,3
9,2
9,1
8,17
8,15
8,11
8,8
8,7
8,6
8,4
8,3
8,2
8,1
7,13
7,12
18,1
7,11
18,3
7,10
7,9
7,8
7,7
14,1
14,5
7,6
14,3
13,1
7,5
13,3
7,4
7,1
6,7
6,6
6,5
6,4
6,1
4,88
4,87
4,86
4,85
4,84
4,83
4,82
4,81
4,80
4,79
4,78
4,77
4,76
4,75
4,74
4,73
4,72
4,71
4,70
4,69
4,68
4,67
4,66
4,65
